<?xml version="1.0"?>
<opencv_storage>
<intrinsic_matrix type_id="opencv-matrix">
  <rows>3</rows>
  <cols>3</cols>
  <dt>d</dt>
  <data>
    347.0200335319053100 0. 167.6598746030379300 0. 341.1502068223476800
    128.3274633877851400 0. 0. 1.</data></intrinsic_matrix>
<distortion type_id="opencv-matrix">
  <rows>4</rows>
  <cols>1</cols>
  <dt>d</dt>
  <data>
    -0.0111727311970012 0.0524402878641916 4.5962530242516864e-004
    -4.0473932582356208e-004</data></distortion>
<width>320</width>
<height>240</height>
</opencv_storage>
